Players: 4
Hands: 0 deque([29, 26, 34, 35, 15, 24, 46, 31, 51, 49, 50, 22, 12])
1 deque([41, 1, 36, 21, 38, 8, 48, 44, 14, 13, 47, 33, 52])
2 deque([3, 37, 17, 18, 2, 11, 6, 42, 9, 40, 20, 30, 28])
3 deque([4, 45, 27, 43, 10, 23, 32, 39, 25, 5, 16, 7, 19])

0 Facecard!
Pile: [29, 41, 3, 4, 26]
Hands: 0 deque([34, 35, 15, 24, 46, 31, 51, 49, 50, 22, 12])
1 deque([1, 36, 21, 38, 8, 48, 44, 14, 13, 47, 33, 52])
2 deque([37, 17, 18, 2, 11, 6, 42, 9, 40, 20, 30, 28])
3 deque([45, 27, 43, 10, 23, 32, 39, 25, 5, 16, 7, 19])

2 wins!
0 Facecard!
Pile: [34, 36, 17, 27]
Hands: 0 deque([35, 15, 24, 46, 31, 51, 49, 50, 22, 12])
1 deque([21, 38, 8, 48, 44, 14, 13, 47, 33, 52])
2 deque([18, 2, 11, 6, 42, 9, 40, 20, 30, 28, 29, 41, 3, 4, 26, 1, 37, 45])
3 deque([43, 10, 23, 32, 39, 25, 5, 16, 7, 19])

0 wins!
0 Facecard!
Pile: [43, 46, 38]
Hands: 0 deque([31, 51, 49, 50, 22, 12, 34, 36, 17, 27, 35, 15, 24, 21])
1 deque([8, 48, 44, 14, 13, 47, 33, 52])
2 deque([18, 2, 11, 6, 42, 9, 40, 20, 30, 28, 29, 41, 3, 4, 26, 1, 37, 45])
3 deque([10, 23, 32, 39, 25, 5, 16, 7, 19])

1 wins!
0 Facecard!
Pile: [8, 11]
Hands: 0 deque([31, 51, 49, 50, 22, 12, 34, 36, 17, 27, 35, 15, 24, 21])
1 deque([48, 44, 14, 13, 47, 33, 52, 43, 46, 38, 18, 2])
2 deque([6, 42, 9, 40, 20, 30, 28, 29, 41, 3, 4, 26, 1, 37, 45])
3 deque([10, 23, 32, 39, 25, 5, 16, 7, 19])

2 wins!
0 Facecard!
Pile: [6, 23, 31, 48, 42, 32, 51]
Hands: 0 deque([49, 50, 22, 12, 34, 36, 17, 27, 35, 15, 24, 21])
1 deque([44, 14, 13, 47, 33, 52, 43, 46, 38, 18, 2])
2 deque([9, 40, 20, 30, 28, 29, 41, 3, 4, 26, 1, 37, 45, 8, 11, 10])
3 deque([39, 25, 5, 16, 7, 19])

1 wins!
0 Facecard!
Pile: [22, 47, 29, 25]
Hands: 0 deque([12, 34, 36, 17, 27, 35, 15, 24, 21])
1 deque([33, 52, 43, 46, 38, 18, 2, 6, 23, 31, 48, 42, 32, 51, 44, 14, 9, 40, 39, 49, 50, 13, 20, 30, 28])
2 deque([41, 3, 4, 26, 1, 37, 45, 8, 11, 10])
3 deque([5, 16, 7, 19])

0 slaps!
3 wins!
0 Facecard!
Pile: [5, 36, 33, 41, 16, 17, 52]
Hands: 0 deque([27, 35, 15, 24, 21, 22, 47, 29, 25, 12])
1 deque([43, 46, 38, 18, 2, 6, 23, 31, 48, 42, 32, 51, 44, 14, 9, 40, 39, 49, 50, 13, 20, 30, 28])
2 deque([3, 4, 26, 1, 37, 45, 8, 11, 10])
3 deque([7, 19, 34])

2 wins!
0 Facecard!
Pile: [43, 1]
Hands: 0 deque([27, 35, 15, 24, 21, 22, 47, 29, 25, 12])
1 deque([46, 38, 18, 2, 6, 23, 31, 48, 42, 32, 51, 44, 14, 9, 40, 39, 49, 50, 13, 20, 30, 28])
2 deque([37, 45, 8, 11, 10, 5, 36, 33, 41, 16, 17, 52, 3, 4, 26, 7, 19, 34])
3 deque([])

2 slaps!
0 wins!
2 Facecard!
Pile: [37]
Hands: 0 deque([21, 22, 47, 29, 25, 12, 35, 15, 24, 46])
1 deque([38, 18, 2, 6, 23, 31, 48, 42, 32, 51, 44, 14, 9, 40, 39, 49, 50, 13, 20, 30, 28])
2 deque([45, 8, 11, 10, 5, 36, 33, 41, 16, 17, 52, 3, 4, 26, 7, 19, 34, 43, 1, 27])
3 deque([])

2 wins!
2 Facecard!
Pile: [45, 22, 38]
Hands: 0 deque([47, 29, 25, 12, 35, 15, 24, 46])
1 deque([18, 2, 6, 23, 31, 48, 42, 32, 51, 44, 14, 9, 40, 39, 49, 50, 13, 20, 30, 28])
2 deque([8, 11, 10, 5, 36, 33, 41, 16, 17, 52, 3, 4, 26, 7, 19, 34, 43, 1, 27, 37, 21])
3 deque([])

2 wins!
2 Facecard!
Pile: [18, 10, 29, 2, 5, 25]
Hands: 0 deque([12, 35, 15, 24, 46])
1 deque([6, 23, 31, 48, 42, 32, 51, 44, 14, 9, 40, 39, 49, 50, 13, 20, 30, 28])
2 deque([36, 33, 41, 16, 17, 52, 3, 4, 26, 7, 19, 34, 43, 1, 27, 37, 21, 45, 22, 38, 8, 11, 47])
3 deque([])

0 wins!
2 Facecard!
Pile: [12]
Hands: 0 deque([35, 15, 24, 46, 18, 10, 29, 2, 5, 25, 6, 23])
1 deque([31, 48, 42, 32, 51, 44, 14, 9, 40, 39, 49, 50, 13, 20, 30, 28])
2 deque([36, 33, 41, 16, 17, 52, 3, 4, 26, 7, 19, 34, 43, 1, 27, 37, 21, 45, 22, 38, 8, 11, 47])
3 deque([])

0 wins!
2 Facecard!
Pile: [35, 42, 36, 15, 32, 33, 24]
Hands: 0 deque([46, 18, 10, 29, 2, 5, 25, 6, 23, 12, 31, 48])
1 deque([51, 44, 14, 9, 40, 39, 49, 50, 13, 20, 30, 28])
2 deque([41, 16, 17, 52, 3, 4, 26, 7, 19, 34, 43, 1, 27, 37, 21, 45, 22, 38, 8, 11, 47])
3 deque([])

1 wins!
2 Facecard!
Pile: [46, 44, 17, 18, 14]
Hands: 0 deque([10, 29, 2, 5, 25, 6, 23, 12, 31, 48])
1 deque([9, 40, 39, 49, 50, 13, 20, 30, 28, 35, 42, 36, 15, 32, 33, 24, 51, 41, 16])
2 deque([52, 3, 4, 26, 7, 19, 34, 43, 1, 27, 37, 21, 45, 22, 38, 8, 11, 47])
3 deque([])

2 wins!
2 Facecard!
Pile: [9, 3, 5, 40]
Hands: 0 deque([25, 6, 23, 12, 31, 48])
1 deque([39, 49, 50, 13, 20, 30, 28, 35, 42, 36, 15, 32, 33, 24, 51, 41, 16])
2 deque([4, 26, 7, 19, 34, 43, 1, 27, 37, 21, 45, 22, 38, 8, 11, 47, 46, 44, 17, 18, 14, 52, 10, 29, 2])
3 deque([])

1 wins!
2 Facecard!
Pile: [49, 43, 6, 50]
Hands: 0 deque([23, 12, 31, 48])
1 deque([13, 20, 30, 28, 35, 42, 36, 15, 32, 33, 24, 51, 41, 16, 9, 3, 5, 40, 4, 26, 25, 39, 7, 19, 34])
2 deque([1, 27, 37, 21, 45, 22, 38, 8, 11, 47, 46, 44, 17, 18, 14, 52, 10, 29, 2])
3 deque([])

2 wins!
2 Facecard!
Pile: [28, 37]
Hands: 0 deque([])
1 deque([35, 42, 36, 15, 32, 33, 24, 51, 41, 16, 9, 3, 5, 40, 4, 26, 25, 39, 7, 19, 34])
2 deque([21, 45, 22, 38, 8, 11, 47, 46, 44, 17, 18, 14, 52, 10, 29, 2, 49, 43, 6, 50, 1, 23, 12, 13, 27, 31, 48, 20, 30])
3 deque([])

2 wins!
2 Facecard!
Pile: [21, 42, 45, 36, 22, 15, 38]
Hands: 0 deque([])
1 deque([32, 33, 24, 51, 41, 16, 9, 3, 5, 40, 4, 26, 25, 39, 7, 19, 34])
2 deque([8, 11, 47, 46, 44, 17, 18, 14, 52, 10, 29, 2, 49, 43, 6, 50, 1, 23, 12, 13, 27, 31, 48, 20, 30, 28, 37, 35])
3 deque([])

2 wins!
2 Facecard!
Pile: [8, 24]
Hands: 0 deque([])
1 deque([51, 41, 16, 9, 3, 5, 40, 4, 26, 25, 39, 7, 19, 34])
2 deque([11, 47, 46, 44, 17, 18, 14, 52, 10, 29, 2, 49, 43, 6, 50, 1, 23, 12, 13, 27, 31, 48, 20, 30, 28, 37, 35, 21, 42, 45, 36, 22, 15, 38, 32, 33])
3 deque([])

2 slaps!
1 wins!
2 Facecard!
Pile: [51]
Hands: 0 deque([])
1 deque([41, 16, 9, 3, 5, 40, 4, 26, 25, 39, 7, 19, 34])
2 deque([47, 46, 44, 17, 18, 14, 52, 10, 29, 2, 49, 43, 6, 50, 1, 23, 12, 13, 27, 31, 48, 20, 30, 28, 37, 35, 21, 42, 45, 36, 22, 15, 38, 32, 33, 8, 24, 11])
3 deque([])

1 wins!
2 Facecard!
Pile: [41, 44, 16, 17, 9, 18, 3, 14]
Hands: 0 deque([])
1 deque([5, 40, 4, 26, 25, 39, 7, 19, 34, 51, 47, 46])
2 deque([52, 10, 29, 2, 49, 43, 6, 50, 1, 23, 12, 13, 27, 31, 48, 20, 30, 28, 37, 35, 21, 42, 45, 36, 22, 15, 38, 32, 33, 8, 24, 11])
3 deque([])

1 wins!
2 Facecard!
Pile: [49, 25]
Hands: 0 deque([])
1 deque([39, 7, 19, 34, 51, 47, 46, 41, 44, 16, 17, 9, 18, 3, 14, 5, 40, 52, 4, 26, 10, 29, 2])
2 deque([43, 6, 50, 1, 23, 12, 13, 27, 31, 48, 20, 30, 28, 37, 35, 21, 42, 45, 36, 22, 15, 38, 32, 33, 8, 24, 11])
3 deque([])

1 wins!
2 Facecard!
Pile: [39]
Hands: 0 deque([])
1 deque([7, 19, 34, 51, 47, 46, 41, 44, 16, 17, 9, 18, 3, 14, 5, 40, 52, 4, 26, 10, 29, 2, 49, 25, 43, 6])
2 deque([50, 1, 23, 12, 13, 27, 31, 48, 20, 30, 28, 37, 35, 21, 42, 45, 36, 22, 15, 38, 32, 33, 8, 24, 11])
3 deque([])

2 wins!
2 Facecard!
Pile: [19, 1]
Hands: 0 deque([])
1 deque([34, 51, 47, 46, 41, 44, 16, 17, 9, 18, 3, 14, 5, 40, 52, 4, 26, 10, 29, 2, 49, 25, 43, 6])
2 deque([23, 12, 13, 27, 31, 48, 20, 30, 28, 37, 35, 21, 42, 45, 36, 22, 15, 38, 32, 33, 8, 24, 11, 39, 50, 7])
3 deque([])

2 wins!
2 Facecard!
Pile: [13]
Hands: 0 deque([])
1 deque([41, 44, 16, 17, 9, 18, 3, 14, 5, 40, 52, 4, 26, 10, 29, 2, 49, 25, 43, 6])
2 deque([27, 31, 48, 20, 30, 28, 37, 35, 21, 42, 45, 36, 22, 15, 38, 32, 33, 8, 24, 11, 39, 50, 7, 19, 1, 34, 51, 23, 12, 47, 46])
3 deque([])

2 wins!
2 Facecard!
Pile: [27]
Hands: 0 deque([])
1 deque([17, 9, 18, 3, 14, 5, 40, 52, 4, 26, 10, 29, 2, 49, 25, 43, 6])
2 deque([31, 48, 20, 30, 28, 37, 35, 21, 42, 45, 36, 22, 15, 38, 32, 33, 8, 24, 11, 39, 50, 7, 19, 1, 34, 51, 23, 12, 47, 46, 13, 41, 44, 16])
3 deque([])

2 wins!
2 Facecard!
Pile: [31, 14]
Hands: 0 deque([])
1 deque([5, 40, 52, 4, 26, 10, 29, 2, 49, 25, 43, 6])
2 deque([48, 20, 30, 28, 37, 35, 21, 42, 45, 36, 22, 15, 38, 32, 33, 8, 24, 11, 39, 50, 7, 19, 1, 34, 51, 23, 12, 47, 46, 13, 41, 44, 16, 27, 17, 9, 18, 3])
3 deque([])

1 wins!
2 Facecard!
Pile: [5, 37]
Hands: 0 deque([])
1 deque([40, 52, 4, 26, 10, 29, 2, 49, 25, 43, 6, 31, 14, 48, 20, 30, 28])
2 deque([35, 21, 42, 45, 36, 22, 15, 38, 32, 33, 8, 24, 11, 39, 50, 7, 19, 1, 34, 51, 23, 12, 47, 46, 13, 41, 44, 16, 27, 17, 9, 18, 3])
3 deque([])

1 wins!
2 Facecard!
Pile: [36, 52]
Hands: 0 deque([])
1 deque([4, 26, 10, 29, 2, 49, 25, 43, 6, 31, 14, 48, 20, 30, 28, 5, 37, 40, 35, 21, 42, 45])
2 deque([22, 15, 38, 32, 33, 8, 24, 11, 39, 50, 7, 19, 1, 34, 51, 23, 12, 47, 46, 13, 41, 44, 16, 27, 17, 9, 18, 3])
3 deque([])

1 wins!
2 Facecard!
Pile: [10, 24]
Hands: 0 deque([])
1 deque([29, 2, 49, 25, 43, 6, 31, 14, 48, 20, 30, 28, 5, 37, 40, 35, 21, 42, 45, 36, 52, 22, 15, 38, 4, 26, 32, 33, 8])
2 deque([11, 39, 50, 7, 19, 1, 34, 51, 23, 12, 47, 46, 13, 41, 44, 16, 27, 17, 9, 18, 3])
3 deque([])

2 wins!
2 Facecard!
Pile: [11]
Hands: 0 deque([])
1 deque([2, 49, 25, 43, 6, 31, 14, 48, 20, 30, 28, 5, 37, 40, 35, 21, 42, 45, 36, 52, 22, 15, 38, 4, 26, 32, 33, 8])
2 deque([39, 50, 7, 19, 1, 34, 51, 23, 12, 47, 46, 13, 41, 44, 16, 27, 17, 9, 18, 3, 10, 24, 29])
3 deque([])

2 wins!
2 Facecard!
Pile: [39]
Hands: 0 deque([])
1 deque([49, 25, 43, 6, 31, 14, 48, 20, 30, 28, 5, 37, 40, 35, 21, 42, 45, 36, 52, 22, 15, 38, 4, 26, 32, 33, 8])
2 deque([50, 7, 19, 1, 34, 51, 23, 12, 47, 46, 13, 41, 44, 16, 27, 17, 9, 18, 3, 10, 24, 29, 11, 2])
3 deque([])

2 wins!
3 slaps!
3 Facecard!
Pile: [7, 31, 1]
Hands: 0 deque([])
1 deque([14, 48, 20, 30, 28, 5, 37, 40, 35, 21, 42, 45, 36, 52, 22, 15, 38, 4, 26, 32, 33, 8])
2 deque([34, 51, 23, 12, 47, 46, 13, 41, 44, 16, 27, 17, 9, 18, 3, 10, 24, 29, 11, 2, 39, 49, 25, 50, 43])
3 deque([6, 19])

0 slaps!
2 wins!
0 Facecard!
Pile: [34, 1]
Hands: 0 deque([6, 19])
1 deque([14, 48, 20, 30, 28, 5, 37, 40, 35, 21, 42, 45, 36, 52, 22, 15, 38, 4, 26, 32, 33, 8])
2 deque([51, 23, 12, 47, 46, 13, 41, 44, 16, 27, 17, 9, 18, 3, 10, 24, 29, 11, 2, 39, 49, 25, 50, 43, 7, 31])
3 deque([])

2 slaps!
0 wins!
2 Facecard!
Pile: [6, 28, 51]
Hands: 0 deque([19, 48, 20, 30])
1 deque([5, 37, 40, 35, 21, 42, 45, 36, 52, 22, 15, 38, 4, 26, 32, 33, 8])
2 deque([23, 12, 47, 46, 13, 41, 44, 16, 27, 17, 9, 18, 3, 10, 24, 29, 11, 2, 39, 49, 25, 50, 43, 7, 31, 34, 1, 14])
3 deque([])

2 wins!
2 Facecard!
Pile: [23, 20, 5, 12]
Hands: 0 deque([30])
1 deque([37, 40, 35, 21, 42, 45, 36, 52, 22, 15, 38, 4, 26, 32, 33, 8])
2 deque([47, 46, 13, 41, 44, 16, 27, 17, 9, 18, 3, 10, 24, 29, 11, 2, 39, 49, 25, 50, 43, 7, 31, 34, 1, 14, 6, 28, 51, 19, 48])
3 deque([])

1 wins!
2 Facecard!
Pile: [46, 40]
Hands: 0 deque([])
1 deque([35, 21, 42, 45, 36, 52, 22, 15, 38, 4, 26, 32, 33, 8, 23, 20, 5, 12, 30, 37, 47])
2 deque([13, 41, 44, 16, 27, 17, 9, 18, 3, 10, 24, 29, 11, 2, 39, 49, 25, 50, 43, 7, 31, 34, 1, 14, 6, 28, 51, 19, 48])
3 deque([])

2 wins!
2 Facecard!
Pile: [45, 41, 36, 44, 52]
Hands: 0 deque([])
1 deque([22, 15, 38, 4, 26, 32, 33, 8, 23, 20, 5, 12, 30, 37, 47])
2 deque([16, 27, 17, 9, 18, 3, 10, 24, 29, 11, 2, 39, 49, 25, 50, 43, 7, 31, 34, 1, 14, 6, 28, 51, 19, 48, 46, 40, 13, 35, 21, 42])
3 deque([])

1 wins!
2 Facecard!
Pile: [4, 18, 26]
Hands: 0 deque([])
1 deque([32, 33, 8, 23, 20, 5, 12, 30, 37, 47, 45, 41, 36, 44, 52, 16, 27, 22, 15, 38, 17, 9])
2 deque([3, 10, 24, 29, 11, 2, 39, 49, 25, 50, 43, 7, 31, 34, 1, 14, 6, 28, 51, 19, 48, 46, 40, 13, 35, 21, 42])
3 deque([])

2 wins!
2 Facecard!
Pile: [33, 29, 8, 11]
Hands: 0 deque([])
1 deque([23, 20, 5, 12, 30, 37, 47, 45, 41, 36, 44, 52, 16, 27, 22, 15, 38, 17, 9])
2 deque([2, 39, 49, 25, 50, 43, 7, 31, 34, 1, 14, 6, 28, 51, 19, 48, 46, 40, 13, 35, 21, 42, 4, 18, 26, 3, 10, 24, 32])
3 deque([])

2 wins!
2 Facecard!
Pile: [2, 20, 39]
Hands: 0 deque([])
1 deque([5, 12, 30, 37, 47, 45, 41, 36, 44, 52, 16, 27, 22, 15, 38, 17, 9])
2 deque([49, 25, 50, 43, 7, 31, 34, 1, 14, 6, 28, 51, 19, 48, 46, 40, 13, 35, 21, 42, 4, 18, 26, 3, 10, 24, 32, 33, 29, 8, 11, 23])
3 deque([])

1 slaps!
1 wins!
1 Facecard!
Pile: [43, 47, 7, 45, 31, 41, 34, 36, 1]
Hands: 0 deque([])
1 deque([44, 52, 16, 27, 22, 15, 38, 17, 9, 2, 20, 39, 5, 12, 49, 25, 30, 37, 50])
2 deque([14, 6, 28, 51, 19, 48, 46, 40, 13, 35, 21, 42, 4, 18, 26, 3, 10, 24, 32, 33, 29, 8, 11, 23])
3 deque([])

2 wins!
1 Facecard!
Pile: [19, 38]
Hands: 0 deque([])
1 deque([17, 9, 2, 20, 39, 5, 12, 49, 25, 30, 37, 50])
2 deque([48, 46, 40, 13, 35, 21, 42, 4, 18, 26, 3, 10, 24, 32, 33, 29, 8, 11, 23, 43, 47, 7, 45, 31, 41, 34, 36, 1, 44, 52, 14, 16, 27, 6, 28, 51, 22, 15])
3 deque([])

1 wins!
1 Facecard!
Pile: [17, 40]
Hands: 0 deque([])
1 deque([9, 2, 20, 39, 5, 12, 49, 25, 30, 37, 50, 19, 38, 48, 46])
2 deque([13, 35, 21, 42, 4, 18, 26, 3, 10, 24, 32, 33, 29, 8, 11, 23, 43, 47, 7, 45, 31, 41, 34, 36, 1, 44, 52, 14, 16, 27, 6, 28, 51, 22, 15])
3 deque([])

1 slaps!
1 wins!
1 Facecard!
Pile: [42, 5, 4, 12]
Hands: 0 deque([])
1 deque([49, 25, 30, 37, 50, 19, 38, 48, 46, 17, 40, 9, 2, 20, 39, 13, 35, 21])
2 deque([18, 26, 3, 10, 24, 32, 33, 29, 8, 11, 23, 43, 47, 7, 45, 31, 41, 34, 36, 1, 44, 52, 14, 16, 27, 6, 28, 51, 22, 15])
3 deque([])

1 wins!
1 Facecard!
Pile: [30, 24]
Hands: 0 deque([])
1 deque([37, 50, 19, 38, 48, 46, 17, 40, 9, 2, 20, 39, 13, 35, 21, 42, 5, 4, 12, 18, 26, 49, 25, 3, 10])
2 deque([32, 33, 29, 8, 11, 23, 43, 47, 7, 45, 31, 41, 34, 36, 1, 44, 52, 14, 16, 27, 6, 28, 51, 22, 15])
3 deque([])

1 slaps!
2 wins!
1 Facecard!
Pile: [32, 50]
Hands: 0 deque([])
1 deque([19, 38, 48, 46, 17, 40, 9, 2, 20, 39, 13, 35, 21, 42, 5, 4, 12, 18, 26, 49, 25, 3, 10, 30, 24, 37])
2 deque([33, 29, 8, 11, 23, 43, 47, 7, 45, 31, 41, 34, 36, 1, 44, 52, 14, 16, 27, 6, 28, 51, 22, 15])
3 deque([])

1 wins!
1 Facecard!
Pile: [19, 29, 38]
Hands: 0 deque([])
1 deque([48, 46, 17, 40, 9, 2, 20, 39, 13, 35, 21, 42, 5, 4, 12, 18, 26, 49, 25, 3, 10, 30, 24, 37, 32, 50, 33])
2 deque([8, 11, 23, 43, 47, 7, 45, 31, 41, 34, 36, 1, 44, 52, 14, 16, 27, 6, 28, 51, 22, 15])
3 deque([])

2 wins!
0 slaps!
0 Facecard!
Pile: [46, 40]
Hands: 0 deque([23, 17, 43])
1 deque([9, 2, 20, 39, 13, 35, 21, 42, 5, 4, 12, 18, 26, 49, 25, 3, 10, 30, 24, 37, 32, 50, 33])
2 deque([47, 7, 45, 31, 41, 34, 36, 1, 44, 52, 14, 16, 27, 6, 28, 51, 22, 15, 19, 29, 38, 8, 11, 48])
3 deque([])

1 wins!
0 Facecard!
Pile: [9, 41, 23, 2, 34, 17, 20, 36, 43, 39]
Hands: 0 deque([])
1 deque([13, 35, 21, 42, 5, 4, 12, 18, 26, 49, 25, 3, 10, 30, 24, 37, 32, 50, 33, 46, 40, 47, 7, 45, 31])
2 deque([1, 44, 52, 14, 16, 27, 6, 28, 51, 22, 15, 19, 29, 38, 8, 11, 48])
3 deque([])

2 wins!
0 Facecard!
Pile: [5, 14]
Hands: 0 deque([])
1 deque([4, 12, 18, 26, 49, 25, 3, 10, 30, 24, 37, 32, 50, 33, 46, 40, 47, 7, 45, 31])
2 deque([16, 27, 6, 28, 51, 22, 15, 19, 29, 38, 8, 11, 48, 9, 41, 23, 2, 34, 17, 20, 36, 43, 39, 1, 13, 44, 52, 35, 21, 42])
3 deque([])

1 wins!
0 slaps!
0 Facecard!
Pile: [19, 10, 38]
Hands: 0 deque([3, 29])
1 deque([30, 24, 37, 32, 50, 33, 46, 40, 47, 7, 45, 31, 5, 14, 4, 12, 16, 27, 18, 26, 6, 28, 51, 49, 25, 22, 15])
2 deque([8, 11, 48, 9, 41, 23, 2, 34, 17, 20, 36, 43, 39, 1, 13, 44, 52, 35, 21, 42])
3 deque([])

2 slaps!
2 wins!
2 Facecard!
Pile: [8, 30, 11]
Hands: 0 deque([])
1 deque([24, 37, 32, 50, 33, 46, 40, 47, 7, 45, 31, 5, 14, 4, 12, 16, 27, 18, 26, 6, 28, 51, 49, 25, 22, 15])
2 deque([48, 9, 41, 23, 2, 34, 17, 20, 36, 43, 39, 1, 13, 44, 52, 35, 21, 42, 19, 10, 38, 3, 29])
3 deque([])

0 slaps!
2 wins!
0 Facecard!
Pile: [48, 8, 37]
Hands: 0 deque([30, 11, 24])
1 deque([32, 50, 33, 46, 40, 47, 7, 45, 31, 5, 14, 4, 12, 16, 27, 18, 26, 6, 28, 51, 49, 25, 22, 15])
2 deque([9, 41, 23, 2, 34, 17, 20, 36, 43, 39, 1, 13, 44, 52, 35, 21, 42, 19, 10, 38, 3, 29])
3 deque([])

1 wins!
0 Facecard!
Pile: [32, 41, 30, 50]
Hands: 0 deque([11, 24])
1 deque([33, 46, 40, 47, 7, 45, 31, 5, 14, 4, 12, 16, 27, 18, 26, 6, 28, 51, 49, 25, 22, 15, 48, 8, 37, 9])
2 deque([23, 2, 34, 17, 20, 36, 43, 39, 1, 13, 44, 52, 35, 21, 42, 19, 10, 38, 3, 29])
3 deque([])

1 wins!
0 Facecard!
Pile: [33, 2, 11]
Hands: 0 deque([24])
1 deque([46, 40, 47, 7, 45, 31, 5, 14, 4, 12, 16, 27, 18, 26, 6, 28, 51, 49, 25, 22, 15, 48, 8, 37, 9, 32, 41, 30, 50, 23])
2 deque([34, 17, 20, 36, 43, 39, 1, 13, 44, 52, 35, 21, 42, 19, 10, 38, 3, 29])
3 deque([])

0 wins!
0 Facecard!
Pile: [24]
Hands: 0 deque([33, 2, 11, 46])
1 deque([40, 47, 7, 45, 31, 5, 14, 4, 12, 16, 27, 18, 26, 6, 28, 51, 49, 25, 22, 15, 48, 8, 37, 9, 32, 41, 30, 50, 23])
2 deque([34, 17, 20, 36, 43, 39, 1, 13, 44, 52, 35, 21, 42, 19, 10, 38, 3, 29])
3 deque([])

1 wins!
0 Facecard!
Pile: [33, 47, 43, 2, 7, 39]
Hands: 0 deque([11, 46])
1 deque([45, 31, 5, 14, 4, 12, 16, 27, 18, 26, 6, 28, 51, 49, 25, 22, 15, 48, 8, 37, 9, 32, 41, 30, 50, 23, 24, 40, 34, 17, 20, 36])
2 deque([1, 13, 44, 52, 35, 21, 42, 19, 10, 38, 3, 29])
3 deque([])

0 wins!
0 Facecard!
Pile: [1]
Hands: 0 deque([46, 33, 47, 43, 2, 7, 39, 11, 45])
1 deque([31, 5, 14, 4, 12, 16, 27, 18, 26, 6, 28, 51, 49, 25, 22, 15, 48, 8, 37, 9, 32, 41, 30, 50, 23, 24, 40, 34, 17, 20, 36])
2 deque([13, 44, 52, 35, 21, 42, 19, 10, 38, 3, 29])
3 deque([])

0 slaps!
2 wins!
0 Facecard!
Pile: [13]
Hands: 0 deque([2, 7, 39, 11, 45, 1, 46, 33])
1 deque([31, 5, 14, 4, 12, 16, 27, 18, 26, 6, 28, 51, 49, 25, 22, 15, 48, 8, 37, 9, 32, 41, 30, 50, 23, 24, 40, 34, 17, 20, 36])
2 deque([44, 52, 35, 21, 42, 19, 10, 38, 3, 29, 47, 43])
3 deque([])

2 slaps!
0 wins!
2 Facecard!
Pile: [35, 45, 12]
Hands: 0 deque([1, 46, 33, 14, 44, 52, 11, 4])
1 deque([16, 27, 18, 26, 6, 28, 51, 49, 25, 22, 15, 48, 8, 37, 9, 32, 41, 30, 50, 23, 24, 40, 34, 17, 20, 36])
2 deque([21, 42, 19, 10, 38, 3, 29, 47, 43, 13, 2, 7, 39, 31, 5])
3 deque([])

1 wins!
2 Facecard!
Pile: [16, 19, 1]
Hands: 0 deque([46, 33, 14, 44, 52, 11, 4])
1 deque([27, 18, 26, 6, 28, 51, 49, 25, 22, 15, 48, 8, 37, 9, 32, 41, 30, 50, 23, 24, 40, 34, 17, 20, 36, 35, 45, 12, 21, 42])
2 deque([10, 38, 3, 29, 47, 43, 13, 2, 7, 39, 31, 5])
3 deque([])

1 slaps!
3 slaps!
2 wins!
3 Facecard!
Pile: [14]
Hands: 0 deque([44, 52, 11, 4])
1 deque([6, 28, 51, 49, 25, 22, 15, 48, 8, 37, 9, 32, 41, 30, 50, 23, 24, 40, 34, 17, 20, 36, 35, 45, 12, 21, 42, 16, 19, 1, 27])
2 deque([3, 29, 47, 43, 13, 2, 7, 39, 31, 5])
3 deque([18, 26, 10, 38, 46, 33])

3 slaps!
1 wins!
3 Facecard!
Pile: [44, 49, 47, 18, 52]
Hands: 0 deque([11, 4])
1 deque([25, 22, 15, 48, 8, 37, 9, 32, 41, 30, 50, 23, 24, 40, 34, 17, 20, 36, 35, 45, 12, 21, 42, 16, 19, 1, 27])
2 deque([43, 13, 2, 7, 39, 31, 5])
3 deque([26, 10, 38, 46, 33, 14, 6, 28, 51, 3, 29])

2 slaps!
0 wins!
1 slaps!
0 slaps!
0 Facecard!
Pile: [38]
Hands: 0 deque([11, 22, 46, 10, 48, 7, 33])
1 deque([8, 37, 9, 32, 41, 30, 50, 23, 24, 40, 34, 17, 20, 36, 35, 45, 12, 21, 42, 16, 19, 1, 27, 4, 15, 2])
2 deque([39, 31, 5, 44, 49, 47, 18, 52, 25, 43, 13, 26])
3 deque([14, 6, 28, 51, 3, 29])

0 wins!
0 Facecard!
Pile: [22, 32, 31, 6, 46, 41, 5, 28, 10, 30, 44, 51]
Hands: 0 deque([48, 7, 33, 38, 8, 37, 39, 14, 11, 9])
1 deque([50, 23, 24, 40, 34, 17, 20, 36, 35, 45, 12, 21, 42, 16, 19, 1, 27, 4, 15, 2])
2 deque([49, 47, 18, 52, 25, 43, 13, 26])
3 deque([3, 29])

3 wins!
0 Facecard!
Pile: [3, 33, 50]
Hands: 0 deque([38, 8, 37, 39, 14, 11, 9])
1 deque([23, 24, 40, 34, 17, 20, 36, 35, 45, 12, 21, 42, 16, 19, 1, 27, 4, 15, 2])
2 deque([49, 47, 18, 52, 25, 43, 13, 26])
3 deque([29, 22, 32, 31, 6, 46, 41, 5, 28, 10, 30, 44, 51, 48, 7])

1 wins!
0 Facecard!
Pile: [23, 47, 29, 38]
Hands: 0 deque([8, 37, 39, 14, 11, 9])
1 deque([24, 40, 34, 17, 20, 36, 35, 45, 12, 21, 42, 16, 19, 1, 27, 4, 15, 2, 3, 33, 50, 49])
2 deque([18, 52, 25, 43, 13, 26])
3 deque([22, 32, 31, 6, 46, 41, 5, 28, 10, 30, 44, 51, 48, 7])

1 wins!
0 Facecard!
Pile: [8, 40]
Hands: 0 deque([37, 39, 14, 11, 9])
1 deque([34, 17, 20, 36, 35, 45, 12, 21, 42, 16, 19, 1, 27, 4, 15, 2, 3, 33, 50, 49, 23, 47, 29, 38, 24, 18])
2 deque([52, 25, 43, 13, 26])
3 deque([22, 32, 31, 6, 46, 41, 5, 28, 10, 30, 44, 51, 48, 7])

2 wins!
0 Facecard!
Pile: [34, 25]
Hands: 0 deque([37, 39, 14, 11, 9])
1 deque([17, 20, 36, 35, 45, 12, 21, 42, 16, 19, 1, 27, 4, 15, 2, 3, 33, 50, 49, 23, 47, 29, 38, 24, 18])
2 deque([43, 13, 26, 8, 40, 52, 22, 32, 31])
3 deque([6, 46, 41, 5, 28, 10, 30, 44, 51, 48, 7])

2 wins!
0 Facecard!
Pile: [43, 41, 37]
Hands: 0 deque([39, 14, 11, 9])
1 deque([17, 20, 36, 35, 45, 12, 21, 42, 16, 19, 1, 27, 4, 15, 2, 3, 33, 50, 49, 23, 47, 29, 38, 24, 18])
2 deque([13, 26, 8, 40, 52, 22, 32, 31, 34, 25, 6, 46])
3 deque([5, 28, 10, 30, 44, 51, 48, 7])

0 wins!
0 Facecard!
Pile: [39]
Hands: 0 deque([14, 11, 9, 43, 41, 37, 17])
1 deque([20, 36, 35, 45, 12, 21, 42, 16, 19, 1, 27, 4, 15, 2, 3, 33, 50, 49, 23, 47, 29, 38, 24, 18])
2 deque([13, 26, 8, 40, 52, 22, 32, 31, 34, 25, 6, 46])
3 deque([5, 28, 10, 30, 44, 51, 48, 7])

0 wins!
0 Facecard!
Pile: [14]
Hands: 0 deque([11, 9, 43, 41, 37, 17, 39, 20, 36, 35])
1 deque([45, 12, 21, 42, 16, 19, 1, 27, 4, 15, 2, 3, 33, 50, 49, 23, 47, 29, 38, 24, 18])
2 deque([13, 26, 8, 40, 52, 22, 32, 31, 34, 25, 6, 46])
3 deque([5, 28, 10, 30, 44, 51, 48, 7])

2 wins!
0 Facecard!
Pile: [11]
Hands: 0 deque([9, 43, 41, 37, 17, 39, 20, 36, 35])
1 deque([21, 42, 16, 19, 1, 27, 4, 15, 2, 3, 33, 50, 49, 23, 47, 29, 38, 24, 18])
2 deque([26, 8, 40, 52, 22, 32, 31, 34, 25, 6, 46, 14, 45, 12, 13, 5, 28, 10])
3 deque([30, 44, 51, 48, 7])

0 wins!
0 Facecard!
Pile: [9, 42, 26]
Hands: 0 deque([43, 41, 37, 17, 39, 20, 36, 35, 11, 21])
1 deque([16, 19, 1, 27, 4, 15, 2, 3, 33, 50, 49, 23, 47, 29, 38, 24, 18])
2 deque([8, 40, 52, 22, 32, 31, 34, 25, 6, 46, 14, 45, 12, 13, 5, 28, 10])
3 deque([30, 44, 51, 48, 7])

3 wins!
0 Facecard!
Pile: [8, 48, 37]
Hands: 0 deque([17, 39, 20, 36, 35, 11, 21])
1 deque([16, 19, 1, 27, 4, 15, 2, 3, 33, 50, 49, 23, 47, 29, 38, 24, 18])
2 deque([40, 52, 22, 32, 31, 34, 25, 6, 46, 14, 45, 12, 13, 5, 28, 10])
3 deque([7, 9, 42, 26, 30, 44, 51, 43, 41])

0 wins!
0 Facecard!
Pile: [17, 19, 40]
Hands: 0 deque([39, 20, 36, 35, 11, 21, 8, 48, 37, 16])
1 deque([1, 27, 4, 15, 2, 3, 33, 50, 49, 23, 47, 29, 38, 24, 18])
2 deque([52, 22, 32, 31, 34, 25, 6, 46, 14, 45, 12, 13, 5, 28, 10])
3 deque([7, 9, 42, 26, 30, 44, 51, 43, 41])

3 slaps!
3 wins!
3 Facecard!
Pile: [52]
Hands: 0 deque([35, 11, 21, 8, 48, 37, 16])
1 deque([1, 27, 4, 15, 2, 3, 33, 50, 49, 23, 47, 29, 38, 24, 18])
2 deque([22, 32, 31, 34, 25, 6, 46, 14, 45, 12, 13, 5, 28, 10])
3 deque([30, 44, 51, 43, 41, 17, 19, 40, 7, 9, 42, 26, 39, 20, 36])

1 wins!
3 Facecard!
Pile: [25]
Hands: 0 deque([21, 8, 48, 37, 16])
1 deque([27, 4, 15, 2, 3, 33, 50, 49, 23, 47, 29, 38, 24, 18, 52, 30, 44, 51, 35, 11, 1, 22, 32, 31, 34])
2 deque([6, 46, 14, 45, 12, 13, 5, 28, 10])
3 deque([43, 41, 17, 19, 40, 7, 9, 42, 26, 39, 20, 36])

2 wins!
3 Facecard!
Pile: [6, 17, 21, 27]
Hands: 0 deque([8, 48, 37, 16])
1 deque([4, 15, 2, 3, 33, 50, 49, 23, 47, 29, 38, 24, 18, 52, 30, 44, 51, 35, 11, 1, 22, 32, 31, 34])
2 deque([46, 14, 45, 12, 13, 5, 28, 10, 25, 43, 41])
3 deque([19, 40, 7, 9, 42, 26, 39, 20, 36])

0 wins!
3 Facecard!
Pile: [15, 45, 7, 16, 2, 12]
Hands: 0 deque([6, 17, 21, 27, 46, 14, 19, 40, 8, 48, 37, 4])
1 deque([3, 33, 50, 49, 23, 47, 29, 38, 24, 18, 52, 30, 44, 51, 35, 11, 1, 22, 32, 31, 34])
2 deque([13, 5, 28, 10, 25, 43, 41])
3 deque([9, 42, 26, 39, 20, 36])

2 wins!
3 Facecard!
Pile: [13]
Hands: 0 deque([6, 17, 21, 27, 46, 14, 19, 40, 8, 48, 37, 4])
1 deque([3, 33, 50, 49, 23, 47, 29, 38, 24, 18, 52, 30, 44, 51, 35, 11, 1, 22, 32, 31, 34])
2 deque([5, 28, 10, 25, 43, 41, 15, 45, 7, 16, 2, 12, 9, 42])
3 deque([26, 39, 20, 36])

2 slaps!
3 wins!
2 Facecard!
Pile: [5, 20, 27]
Hands: 0 deque([46, 14, 19, 40, 8, 48, 37, 4])
1 deque([3, 33, 50, 49, 23, 47, 29, 38, 24, 18, 52, 30, 44, 51, 35, 11, 1, 22, 32, 31, 34])
2 deque([28, 10, 25, 43, 41, 15, 45, 7, 16, 2, 12, 9, 42, 13, 26])
3 deque([36, 39, 6, 17, 21])

1 wins!
1 slaps!
1 Facecard!
Pile: [36, 14]
Hands: 0 deque([19, 40, 8, 48, 37, 4])
1 deque([23, 47, 29, 38, 24, 18, 52, 30, 44, 51, 35, 11, 1, 22, 32, 31, 34, 5, 20, 27, 3, 33, 50, 28, 46, 49, 10])
2 deque([25, 43, 41, 15, 45, 7, 16, 2, 12, 9, 42, 13, 26])
3 deque([39, 6, 17, 21])

3 slaps!
1 wins!
3 Facecard!
Pile: [19, 24]
Hands: 0 deque([40, 8, 48, 37, 4])
1 deque([18, 52, 30, 44, 51, 35, 11, 1, 22, 32, 31, 34, 5, 20, 27, 3, 33, 50, 28, 46, 49, 10, 43])
2 deque([41, 15, 45, 7, 16, 2, 12, 9, 42, 13, 26])
3 deque([39, 6, 17, 21, 36, 14, 23, 47, 29, 38, 25])

1 wins!
3 Facecard!
Pile: [18, 15, 39]
Hands: 0 deque([40, 8, 48, 37, 4])
1 deque([52, 30, 44, 51, 35, 11, 1, 22, 32, 31, 34, 5, 20, 27, 3, 33, 50, 28, 46, 49, 10, 43, 19, 24, 41])
2 deque([45, 7, 16, 2, 12, 9, 42, 13, 26])
3 deque([6, 17, 21, 36, 14, 23, 47, 29, 38, 25])

1 wins!
3 Facecard!
Pile: [6, 8, 30, 2, 17, 48, 44, 12]
Hands: 0 deque([37, 4])
1 deque([51, 35, 11, 1, 22, 32, 31, 34, 5, 20, 27, 3, 33, 50, 28, 46, 49, 10, 43, 19, 24, 41, 18, 15, 39, 40, 52, 45, 7, 16])
2 deque([9, 42, 13, 26])
3 deque([21, 36, 14, 23, 47, 29, 38, 25])

2 wins!
3 Facecard!
Pile: [9, 14]
Hands: 0 deque([37, 4])
1 deque([51, 35, 11, 1, 22, 32, 31, 34, 5, 20, 27, 3, 33, 50, 28, 46, 49, 10, 43, 19, 24, 41, 18, 15, 39, 40, 52, 45, 7, 16])
2 deque([42, 13, 26, 6, 8, 30, 2, 17, 48, 44, 12, 21, 36])
3 deque([23, 47, 29, 38, 25])

2 wins!
3 Facecard!
Pile: [38]
Hands: 0 deque([4])
1 deque([35, 11, 1, 22, 32, 31, 34, 5, 20, 27, 3, 33, 50, 28, 46, 49, 10, 43, 19, 24, 41, 18, 15, 39, 40, 52, 45, 7, 16])
2 deque([26, 6, 8, 30, 2, 17, 48, 44, 12, 21, 36, 9, 14, 37, 51, 42, 13, 23, 47, 29])
3 deque([25])

3 wins!
3 Facecard!
Pile: [25]
Hands: 0 deque([])
1 deque([11, 1, 22, 32, 31, 34, 5, 20, 27, 3, 33, 50, 28, 46, 49, 10, 43, 19, 24, 41, 18, 15, 39, 40, 52, 45, 7, 16])
2 deque([26, 6, 8, 30, 2, 17, 48, 44, 12, 21, 36, 9, 14, 37, 51, 42, 13, 23, 47, 29])
3 deque([38, 4, 35])

1 wins!
3 slaps!
3 Facecard!
Pile: [4, 34, 12]
Hands: 0 deque([])
1 deque([5, 20, 27, 3, 33, 50, 28, 46, 49, 10, 43, 19, 24, 41, 18, 15, 39, 40, 52, 45, 7, 16, 25, 11, 26, 38, 1, 6, 8, 30, 2])
2 deque([21, 36, 9, 14, 37, 51, 42, 13, 23, 47, 29])
3 deque([22, 17, 35, 32, 48, 31, 44])

2 wins!
1 slaps!
1 Facecard!
Pile: [27]
Hands: 0 deque([])
1 deque([3, 33, 50, 28, 46, 49, 10, 43, 19, 24, 41, 18, 15, 39, 40, 52, 45, 7, 16, 25, 11, 26, 38, 1, 6, 8, 30, 2, 21, 35, 5, 36, 32, 20, 9, 48])
2 deque([14, 37, 51, 42, 13, 23, 47, 29, 4, 34, 12, 22, 17])
3 deque([31, 44])

3 slaps!
2 wins!
3 Facecard!
Pile: [3, 51]
Hands: 0 deque([])
1 deque([33, 50, 28, 46, 49, 10, 43, 19, 24, 41, 18, 15, 39, 40, 52, 45, 7, 16, 25, 11, 26, 38, 1, 6, 8, 30, 2, 21, 35, 5, 36, 32, 20, 9, 48])
2 deque([42, 13, 23, 47, 29, 4, 34, 12, 22, 17, 37, 31])
3 deque([44, 27, 14])

1 wins!
3 Facecard!
Pile: [13]
Hands: 0 deque([])
1 deque([28, 46, 49, 10, 43, 19, 24, 41, 18, 15, 39, 40, 52, 45, 7, 16, 25, 11, 26, 38, 1, 6, 8, 30, 2, 21, 35, 5, 36, 32, 20, 9, 48, 3, 51, 44, 27, 33, 50, 42])
2 deque([23, 47, 29, 4, 34, 12, 22, 17, 37, 31])
3 deque([14])

2 slaps!
3 wins!
2 Facecard!
Pile: [23, 43, 47, 19, 29, 24]
Hands: 0 deque([])
1 deque([41, 18, 15, 39, 40, 52, 45, 7, 16, 25, 11, 26, 38, 1, 6, 8, 30, 2, 21, 35, 5, 36, 32, 20, 9, 48, 3, 51, 44, 27, 33, 50, 42])
2 deque([4, 34, 12, 22, 17, 37, 31, 13, 14, 28, 46, 49, 10])
3 deque([])

1 wins!
2 Facecard!
Pile: [41, 34, 18, 12]
Hands: 0 deque([])
1 deque([15, 39, 40, 52, 45, 7, 16, 25, 11, 26, 38, 1, 6, 8, 30, 2, 21, 35, 5, 36, 32, 20, 9, 48, 3, 51, 44, 27, 33, 50, 42, 23, 43, 47, 19, 29, 24, 4])
2 deque([22, 17, 37, 31, 13, 14, 28, 46, 49, 10])
3 deque([])

1 slaps!
2 wins!
1 Facecard!
Pile: [14]
Hands: 0 deque([])
1 deque([16, 25, 11, 26, 38, 1, 6, 8, 30, 2, 21, 35, 5, 36, 32, 20, 9, 48, 3, 51, 44, 27, 33, 50, 42, 23, 43, 47, 19, 29, 24, 4, 41, 34, 18, 12, 15, 39, 22, 17, 37, 40, 31, 13, 52])
2 deque([28, 46, 49, 10, 45, 7])
3 deque([])

1 wins!
1 Facecard!
Pile: [49, 11]
Hands: 0 deque([])
1 deque([26, 38, 1, 6, 8, 30, 2, 21, 35, 5, 36, 32, 20, 9, 48, 3, 51, 44, 27, 33, 50, 42, 23, 43, 47, 19, 29, 24, 4, 41, 34, 18, 12, 15, 39, 22, 17, 37, 40, 31, 13, 52, 14, 16, 25, 28, 46])
2 deque([10, 45, 7])
3 deque([])

1 wins!
1 Facecard!
Pile: [26]
Hands: 0 deque([])
1 deque([38, 1, 6, 8, 30, 2, 21, 35, 5, 36, 32, 20, 9, 48, 3, 51, 44, 27, 33, 50, 42, 23, 43, 47, 19, 29, 24, 4, 41, 34, 18, 12, 15, 39, 22, 17, 37, 40, 31, 13, 52, 14, 16, 25, 28, 46, 49, 11, 10])
2 deque([45, 7])
3 deque([])

1 Victory
Pile: [26, 45, 7]
Hands: 0 deque([])
1 deque([38, 1, 6, 8, 30, 2, 21, 35, 5, 36, 32, 20, 9, 48, 3, 51, 44, 27, 33, 50, 42, 23, 43, 47, 19, 29, 24, 4, 41, 34, 18, 12, 15, 39, 22, 17, 37, 40, 31, 13, 52, 14, 16, 25, 28, 46, 49, 11, 10])
2 deque([])
3 deque([])

Victory for player 11 Victory
Pile: [26, 45, 7]
Hands: 0 deque([])
1 deque([38, 1, 6, 8, 30, 2, 21, 35, 5, 36, 32, 20, 9, 48, 3, 51, 44, 27, 33, 50, 42, 23, 43, 47, 19, 29, 24, 4, 41, 34, 18, 12, 15, 39, 22, 17, 37, 40, 31, 13, 52, 14, 16, 25, 28, 46, 49, 11, 10])
2 deque([])
3 deque([])

Victory for player 11 Victory
Pile: [26, 45, 7]
Hands: 0 deque([])
1 deque([38, 1, 6, 8, 30, 2, 21, 35, 5, 36, 32, 20, 9, 48, 3, 51, 44, 27, 33, 50, 42, 23, 43, 47, 19, 29, 24, 4, 41, 34, 18, 12, 15, 39, 22, 17, 37, 40, 31, 13, 52, 14, 16, 25, 28, 46, 49, 11, 10])
2 deque([])
3 deque([])

Victory for player 1